[
    {
        "fillLight": {
            "fillLightCoords": [
                0.8338954550578168,
                -6.938893903907228e-18,
                0.5519224311748133,
                0.0,
                0.08758583249719837,
                0.9873280904792665,
                -0.13233277634939145,
                0.0,
                -0.5449285200645028,
                0.15869228636126376,
                0.8233284073015733,
                0.0,
                -112.59648868720417,
                119.47851509868212,
                167.9403166040565,
                1.0
            ],
            "fillLightUScale": 50.0,
            "fillLightVScale": 50.0,
            "fillLightIntens": 117.0,
            "fillLightEnable": true
        }
    },
    {
        "keyLight": {
            "keyLightCoords": [
                0.5153222940273936,
                0.0,
                -0.8569964604818066,
                0.0,
                -0.16613534317252973,
                0.9810296636707647,
                -0.09989918291443609,
                0.0,
                0.8407389493935025,
                0.19385767717071764,
                0.5055464567917408,
                0.0,
                97.6933120972328,
                78.83209521738245,
                58.05719491428377,
                1.0
            ],
            "keyLightUScale": 14.0,
            "keyLightVScale": 10.0,
            "keyLightIntens": 211.0,
            "keyLightEnable": true
        }
    },
    {
        "backLight": {
            "backLightCoords": [
                -0.8377854293091715,
                0.0,
                -0.5459996102903809,
                0.0,
                -0.10321796533876079,
                0.9819686123646334,
                0.15837833173134103,
                0.0,
                0.536154479668476,
                0.18904402749274132,
                -0.8226789954780358,
                0.0,
                31.480184919798397,
                82.27728376194639,
                -50.17501933715948,
                1.0
            ],
            "backLightUScale": 3.888888899029957,
            "backLightVScale": 2.222222224291828,
            "backLightIntens": 500.0,
            "backLightEnable": false
        }
    }
]