[
    {
        "fillLight": {
            "fillLightEnabled": true,
            "fillLightCoords": [
                0.833895455057817,
                0.0,
                0.5519224311748131,
                0.0,
                0.0875858324971982,
                0.9873280904792665,
                -0.13233277634939125,
                0.0,
                -0.5449285200645022,
                0.15869228636126342,
                0.8233284073015731,
                0.0,
                -26.67005316865827,
                19.114618435641667,
                34.64883934192717,
                1.0
            ],
            "fillLightUScale": 14.0,
            "fillLightVScale": 10.0,
            "fillLightIntens": 82.8499984741211,
            "fillLightuSize": 14.0,
            "fillLightvSize": 10.0
        }
    },
    {
        "keyLight": {
            "keyLightEnabled": false,
            "keyLightCoords": [
                0.515322294027394,
                1.3877787807814457e-17,
                -0.8569964604818063,
                0.0,
                -0.16613534317252954,
                0.9810296636707644,
                -0.09989918291443615,
                0.0,
                0.8407389493935021,
                0.19385767717071758,
                0.5055464567917413,
                0.0,
                42.354,
                14.693,
                24.781,
                1.0
            ],
            "keyLightUScale": 14.0,
            "keyLightVScale": 10.0,
            "keyLightIntens": 285.70001220703125,
            "keyLightuSize": 14.0,
            "keyLightvSize": 10.0
        }
    },
    {
        "backLight": {
            "backLightEnabled": true,
            "backLightCoords": [
                -0.8377854293091721,
                9.714451465470128e-17,
                -0.545999610290381,
                0.0,
                -0.10321796533876071,
                0.9819686123646333,
                0.15837833173134114,
                0.0,
                0.536154479668476,
                0.1890440274927415,
                -0.8226789954780361,
                0.0,
                17.813,
                11.919,
                -29.204,
                1.0
            ],
            "backLightUScale": 14.0,
            "backLightVScale": 10.0,
            "backLightIntens": 174.3000030517578,
            "backLightuSize": 14.0,
            "backLightvSize": 10.0
        }
    }
]