[
    {
        "fillLight": {
            "fillLightEnabled": true,
            "fillLightCoords": [
                0.833895455057817,
                -6.938893903907228e-18,
                0.5519224311748131,
                0.0,
                0.08758583249719834,
                0.9873280904792665,
                -0.13233277634939145,
                0.0,
                -0.5449285200645025,
                0.15869228636126376,
                0.8233284073015734,
                0.0,
                -27.622,
                13.845,
                39.553,
                1.0
            ],
            "fillLightUScale": 14.0,
            "fillLightVScale": 10.0,
            "fillLightIntens": 123.0
        }
    },
    {
        "keyLight": {
            "keyLightEnabled": false,
            "keyLightCoords": [
                0.5153222940273938,
                1.3877787807814454e-17,
                -0.8569964604818063,
                0.0,
                -0.16613534317252965,
                0.9810296636707646,
                -0.0998991829144361,
                0.0,
                0.8407389493935022,
                0.19385767717071758,
                0.5055464567917412,
                0.0,
                42.354,
                14.693,
                24.781,
                1.0
            ],
            "keyLightUScale": 14.0,
            "keyLightVScale": 10.0,
            "keyLightIntens": 280.0
        }
    },
    {
        "backLight": {
            "backLightEnabled": true,
            "backLightCoords": [
                -0.8377854293091718,
                9.714451465470125e-17,
                -0.5459996102903809,
                0.0,
                -0.10321796533876072,
                0.9819686123646333,
                0.15837833173134114,
                0.0,
                0.536154479668476,
                0.18904402749274146,
                -0.822678995478036,
                0.0,
                60.52199833013846,
                57.702245466804364,
                -94.7369707696135,
                1.0
            ],
            "backLightUScale": 14.0,
            "backLightVScale": 10.0,
            "backLightIntens": 10.0
        }
    }
]