[
    {
        "fillLight": {
            "fillLightCoords": [
                0.833895455057817,
                -6.938893903907228e-18,
                0.5519224311748131,
                0.0,
                0.08758583249719828,
                0.9873280904792665,
                -0.13233277634939136,
                0.0,
                -0.5449285200645024,
                0.15869228636126365,
                0.8233284073015733,
                0.0,
                -27.622,
                13.845,
                39.553,
                1.0
            ],
            "fillLightuSize": 14.0,
            "fillLightvSize": 10.0,
            "fillLightIntens": 428.5
        }
    },
    {
        "keyLight": {
            "keyLightCoords": [
                0.5153222940273938,
                0.0,
                -0.8569964604818064,
                0.0,
                -0.16613534317252962,
                0.9810296636707645,
                -0.09989918291443611,
                0.0,
                0.8407389493935022,
                0.19385767717071756,
                0.505546456791741,
                0.0,
                42.354,
                14.693,
                24.781,
                1.0
            ],
            "keyLightuSize": 14.0,
            "keyLightvSize": 10.0,
            "keyLightIntens": 131.4499969482422
        }
    },
    {
        "backLight": {
            "backLightCoords": [
                -0.8377854293091719,
                9.714451465470127e-17,
                -0.5459996102903809,
                0.0,
                -0.10321796533876071,
                0.9819686123646333,
                0.15837833173134114,
                0.0,
                0.536154479668476,
                0.1890440274927415,
                -0.8226789954780361,
                0.0,
                17.813,
                11.919,
                -29.204,
                1.0
            ],
            "backLightuSize": 14.0,
            "backLightvSize": 10.0,
            "backLightIntens": 205.6999969482422
        }
    }
]